8 2 3 6 5 0 7 4 1
8 2 3 6 0 5 7 4 1
8 2 3 0 6 5 7 4 1
8 2 3 7 6 5 0 4 1
8 2 3 7 6 5 4 0 1
8 2 3 7 0 5 4 6 1
8 0 3 7 2 5 4 6 1
8 3 0 7 2 5 4 6 1
8 3 5 7 2 0 4 6 1
8 3 5 7 2 1 4 6 0
8 3 5 7 2 1 4 0 6
8 3 5 7 0 1 4 2 6
8 0 5 7 3 1 4 2 6
0 8 5 7 3 1 4 2 6
7 8 5 0 3 1 4 2 6
7 8 5 4 3 1 0 2 6
7 8 5 4 3 1 2 0 6
7 8 5 4 0 1 2 3 6
7 8 5 4 1 0 2 3 6
7 8 0 4 1 5 2 3 6
7 0 8 4 1 5 2 3 6
0 7 8 4 1 5 2 3 6
4 7 8 0 1 5 2 3 6
4 7 8 1 0 5 2 3 6
4 7 8 1 5 0 2 3 6
4 7 0 1 5 8 2 3 6
4 0 7 1 5 8 2 3 6
0 4 7 1 5 8 2 3 6
1 4 7 0 5 8 2 3 6
1 4 7 2 5 8 0 3 6
1 4 7 2 5 8 3 0 6
1 4 7 2 5 8 3 6 0
